1919.8
0.0003
11 8 2014
11 8 2016
i 1768.1 22 8 2014 2 w 1 1 3000
b 75.00 11 9 2014 1 m 1 1 3000
b 48.95 22 9 2014 1 m 1 1 3000
b 64.75 23 9 2014 1 m 1 1 3000
b 25.00 25 9 2014 1 m 1 1 3000
l 461.71 1 9 2014 1 m 1 1 3000 18654.78 0.0413
l 226.00 1 9 2014 1 m 1 1 3000 1561.20 0.2667
b 908 1 9 2014 1 m 1 1 3000
b 8.00 15 8 2014 1 m 1 1 3000
b 25.00 24 8 2014 1 m 1 1 3000
b 25.00 28 8 2014 1 m 1 1 3000
b 120 1 9 2014 1 m 1 1 3000
b 330 1 9 2014 1 m 1 1 3000
b 324.00 9 8 2015 1 y 1 1 3000
b 69.99 18 8 2014 1 y 1 1 3000
b 99.99 16 4 2015 1 y 1 1 3000
b 59.99 3 2 2015 1 y 1 1 3000
b 1278.50 12 10 2014 6 m 1 1 3000
l 100 1 9 2014 1 m 1 1 3000 3300 0.00
l 100 1 9 2014 1 m 1 1 3000 781.05 0.1599
l 100 1 9 2014 1 m 1 1 3000 900 0.00